2.95342 5.024561 1.851535 2.293555 2.334168
4.268309 2.878972 1.671783 5.109409 3.58515
3.271184 2.185577 1.367902 3.018891 2.525507
1.566713 1.637882 4.699185 2.187029 3.2157
2.324979 2.19334 4.026325 1.639056 2.096715
1.798516 2.886227 2.018212 2.901996 2.726282
2.495748 2.616978 3.049341 2.08436 4.450047
3.756752 2.564108 2.376083 1.849681 4.296299
3.79419 2.434033 4.380128 2.811194 3.004254
3.831175 1.773336 2.157981 1.693982 4.243708
3.680798 1.532307 2.837378 3.58121 4.423395
3.799455 2.956727 3.335349 2.244843 2.912081
3.647995 1.892936 0.6628206 3.352703 1.961257
2.526466 0.9944457 3.365799 4.267945 4.037738
4.404721 3.312043 0.02273703 2.350625 5.245687
5.115367 2.079125 5.748019 1.887567 4.099067
3.869639 5.896819 0.7141387 5.978704 4.288075
4.922543 0.05469396 2.694154 3.727647 2.359933
0.9760184 4.171666 2.008282 1.558833 3.45609
2.29378 3.568549 2.673383 1.057424 0.8448736
5.350629 2.848845 4.414414 0.01543094 4.931679
3.690821 2.013929 2.632893 1.462501 4.233329
3.993361 0.9570368 5.406279 3.88871 1.958213
2.717992 1.242702 2.045994 2.342044 4.063117
