3.074805 0.108705 1.474186 1.612686 2.977568
1.833734 1.983479 2.89698 7.175733 7.516058
0.483294 0.8422291 1.41933 3.402555 2.453302
5.180136 0.7696321 1.373477 1.760306 4.862266
2.013731 5.095367 2.029958 0.8442575 3.177391
4.804466 4.882317 8.556255 2.522467 7.500428
4.097868 3.650903 6.458975 3.103273 2.747806
2.19751 4.290287 2.085472 1.997434 5.305561
3.540909 0.4808753 0.9131941 3.490251 4.076225
3.9599 0.7762523 0.4578512 5.148642 0.6983121
3.403283 7.373199 4.817862 1.848303 2.72085
6.034233 2.573845 0.7849097 1.798473 1.093456
1.216213 0.871536 0.8090754 2.762624 2.051132
5.263575 1.033897 3.553717 4.117388 1.546522
2.131306 1.409091 1.2175 0.3449961 3.173542
0.7035326 0.9370634 2.654839 0.9123479 2.493757
1.734219 4.689681 1.730138 3.331282 1.077231
0.5426662 4.022022 1.985331 1.11831 1.354273
5.809198 4.274968 2.743713 5.075673 3.551165
6.215998 0.9119487 2.318316 1.209506 3.542496
